[10,7.781521863379492]
[10,1.80203831254228]
[10,3.8069361838366156]
[10,5.641997900015063]
[10,7.4291793220232165]
[10,6.491400638745349]
[10,3.2710972974870733]
[10,4.346727853802605]
[10,6.239761874443879]
[11,8.641771291161039]
[10,2.6816714095351113]
[12,4.283164684789353]
[12,6.714572323911943]
[11,5.511819475079522]
[10,0.23439065085458788]
[10,0.22411770490821326]
[10,1.3098777933321593]
[9,0.25292174099739606]
[10,7.877921975983364]
[10,6.055704750251529]
[10,2.7045608665253096]
[10,8.93603709980084]
[10,8.811104597690338]
[10,0.7807482345372052]
[10,4.7628418646365756]
[10,7.136880942087755]
[10,4.4450887971233755]
[10,9.136221625891622]
[12,9.857669344401483]
[10,4.396625036418891]
[11,2.428631423872578]
[10,5.3876898032669]
[10,0.1481767932233602]
[11,1.8374045434402375]
[10,7.3337132832356655]
[10,8.35304529117668]
[10,1.6816702736187583]
[10,0.10675428612746618]
[10,4.733392375559832]
[10,3.5141314676973523]
[11,2.0644212701063713]
[10,6.392576464150423]
[10,1.0163206489917243]
[10,3.065901956833963]
[11,2.4858038679464323]
[10,1.969826536715924]
[10,7.512081626349039]
[10,6.491074953406195]
[10,2.42425959752542]
[12,2.4878974611905336]
[9,4.731968010826495]
[11,5.081138333778155]
[10,1.3148627923825584]
[10,1.33976400813004]
[10,5.262154961589847]
[10,7.310721635607176]
[12,3.893720204520834]
[10,7.4985699704238185]
[11,2.6213829028517566]
[11,0.9111581486960674]
[11,4.843893238739372]
[11,3.3973875533142572]
[11,5.67115275115698]
[11,7.235640878433587]
[11,7.638913298060038]
[10,4.674638570842571]
[11,3.8278792326296984]
[11,0.9275484174411375]
[11,4.880420019340093]
[10,2.922073758685848]
[10,9.769125935429397]
[10,7.936111073698518]
[11,8.825423497814482]
[11,6.079347959709722]
[10,5.1968824829534]
[10,7.57134541622309]
[10,9.784416848030828]
[11,4.251987149209064]
[10,7.282718628752658]
[11,4.639070781033949]
[10,0.2774259990996186]
[11,0.8786683140890927]
[10,0.012401422520567085]
[10,2.5276951054318397]
[10,8.191498002691715]
[10,5.542853013096263]
[10,5.913694851146438]
[10,3.0736176118277836]
[11,1.0919031605446805]
[11,2.9241849460139036]
[10,5.513424705950065]
[10,4.381464383714699]
[10,2.9767700341911874]
[11,9.733655178874272]
[12,1.0810729056223778]
[10,7.618013776510382]
[11,8.818674354915645]
[10,7.453921568038475]
[11,4.9207414822132485]
[10,1.1736486718548123]
[11,3.5889902342013924]
[10,5.503422957995719]
[10,1.9970439565859643]
[12,8.448240047925237]
[10,2.8591866903334906]
[12,4.200867391138048]
