[11,0.5863027076072158]
[11,7.537030893756076]
[11,1.1393890662967965]
[10,6.218515946101368]
[10,9.912149309433357]
[10,1.8905047447382795]
[11,4.691409718873835]
[10,7.294167218627338]
[10,1.9621872184791345]
[10,6.083668559981874]
[10,7.37475881960343]
[10,7.989598419488024]
[10,7.959296384390953]
[10,6.68135365588131]
[11,7.318419048409468]
[11,4.875252752634238]
[10,4.971855547344701]
[10,4.0209727240676845]
[10,4.668317341874002]
[10,4.763137719326858]
[10,6.360920279895598]
[11,9.936664278391138]
[10,7.909908996813211]
[10,1.8477798780630939]
[10,3.6633464367256585]
[10,3.48158260642494]
[11,0.4750049521681854]
[10,4.047701594376365]
[10,8.574593887710392]
[10,9.212743452618323]
[9,3.5378806795612427]
[12,1.9750887331396272]
[11,7.790385109566282]
[10,0.7489405889074385]
[9,7.3112171115997455]
[11,8.505307965583444]
[10,1.5217641200355403]
[10,3.079324595705417]
[11,6.752485954139216]
[11,7.193357172358037]
[12,7.603001400575007]
[10,6.939501516243352]
[10,8.2818492084042]
[10,7.586832827009391]
[10,8.510172143118432]
[12,7.980174830581797]
[10,5.871359723825959]
[11,4.9927272173988335]
[10,8.189462685129449]
[12,8.372920119121812]
