[9,0.5817709874409172]
[11,7.44234754201992]
[11,5.4723742439275185]
[10,5.84263760137655]
[10,8.178902607846954]
[11,7.767199883895981]
[10,3.1558755388697035]
[10,3.9727198504000283]
[10,7.911303043335649]
[10,9.298720663506487]
[10,8.319935726286678]
[11,3.4251253929577485]
[10,3.8947247010826835]
[11,8.02375194360131]
[11,3.1368505888164977]
[10,3.2175109511414535]
[11,8.13977339514614]
[10,8.527852708629498]
[10,8.562311907317167]
[10,1.9778790500265542]
[11,8.92537123492567]
[10,4.318985605203121]
[10,6.160297502534757]
[10,8.709938739735513]
[10,2.2424286332272247]
[10,9.647386155118147]
[11,2.3899113512019277]
[11,1.318741934764911]
[10,3.5458281923270896]
[10,1.351589381784668]
[12,4.712717537646405]
[12,6.501035673163662]
[11,7.934762341488309]
[10,4.53867208905645]
[11,3.126788060654797]
[11,5.676459918799887]
[10,9.989576632530675]
[12,5.807189914690387]
[11,8.43899929480651]
[11,8.88200960939071]
[11,4.379204299295352]
[10,1.7727621985785413]
[11,7.783519747759533]
[12,2.01030474776678]
[11,7.926147276814312]
[11,8.767645479778068]
[12,4.773706573460828]
[12,6.042717699721269]
[10,9.215480142440441]
[12,6.4579186776558934]
[10,4.898935797709971]
[11,9.460281329624934]
[10,2.11502280730264]
[12,0.7552872196241722]
[10,7.263067497987475]
[11,9.512255607282135]
[10,4.7772290563546616]
[12,9.105741236502276]
[10,1.4578589332289726]
[10,8.006120923634477]
[10,7.588129248019289]
[10,1.6800882188520516]
[10,0.9719991014812956]
[10,7.308610123456793]
[10,3.6850392710350977]
[14,0.0992499653866874]
[10,5.202221693204898]
[9,8.387689968201723]
[11,5.5420015680455]
[11,9.751054807442316]
[11,5.8450125245401185]
[11,7.6684387415033894]
[10,6.774271710415551]
[10,5.322489595955617]
[10,6.944847800250047]
[10,4.542591933913982]
[10,4.408207784187397]
[10,0.6841290977983427]
[10,3.0392040898671047]
[11,1.7038994646414563]
[10,3.1735267835963987]
[10,9.722213159619226]
[10,2.810501969357402]
[10,0.36963070931379294]
[10,0.8941630665382583]
[10,0.1972736166726552]
[10,8.718908787033321]
[10,7.805899520975908]
[10,3.516239239334693]
[10,1.4822551241909698]
[12,1.1118726595468864]
[11,4.523322928158668]
[10,7.472259779184198]
[10,5.046660069921511]
[10,6.049810222392537]
[10,3.4296349255187764]
[10,5.255139226284182]
[10,8.915460358699994]
[10,1.7182627752611546]
[10,0.23613666088738938]
[10,7.909787779404254]
[11,2.6838916948212876]
[10,9.176160563367217]
[12,2.5457321827371304]
[10,5.167710546464221]
[10,3.3617936441253793]
[10,6.995482897931682]
[10,3.9838689607606637]
[10,1.252716737664148]
[10,2.1220307971760333]
[10,0.004501446941704845]
[10,2.0023191210394398]
[10,8.362566108318552]
[10,7.9898716968558166]
[10,6.458356081492667]
[10,2.2550205000105783]
[10,7.720489696418511]
[10,6.370852436084126]
[10,2.461120308071625]
[11,7.517682744266572]
[9,5.252178278861055]
[10,7.502629189227035]
[10,6.135479041637188]
[11,9.110889082029662]
[10,7.283934123618209]
[11,8.68709153105459]
[10,2.705381071819699]
[11,4.088016690315131]
[10,4.174859854512061]
[10,6.159137040010691]
[11,9.620103840915291]
[10,1.0822325217012052]
[10,1.1094116493042327]
[10,0.3559387419689797]
[10,9.275976382433463]
[10,7.969021985374929]
[11,6.483030936249188]
[10,0.47828006457573125]
[11,3.9723298534248896]
[11,1.1450832563995572]
[9,4.336651674929552]
[10,7.059178086419314]
[10,9.757116001491685]
[10,0.03403342154511879]
[11,1.2028991051940063]
[10,1.495878958943433]
[9,5.54269040652305]
[10,4.191819135451411]
[10,3.4535798372599547]
[10,4.033685123537354]
[11,1.7175222414813929]
[10,5.318910799086989]
[10,6.987403711482349]
[10,9.638355730409492]
[12,8.857523978763515]
[10,4.936253326658715]
[9,5.786265175520516]
[12,8.913084335260617]
[10,6.153051767188337]
[10,3.3056785773133446]
[10,5.983512099601751]
[11,0.4199264307747286]
[10,2.76753763298192]
[11,5.053038360836377]
[10,9.269077977141187]
[10,4.924949491511644]
[10,1.5498598895023474]
[11,6.626950428458434]
[11,9.293286073433746]
[10,5.4125688167180375]
[10,4.859970934008471]
[10,5.8147792622598615]
[10,9.33458092750886]
[12,6.591012266404039]
[11,3.7723984144246647]
[10,3.5671217156238377]
[11,2.3241066967044754]
[11,3.5407307489823325]
[12,6.771336554145155]
[10,9.451839952012492]
[11,6.8201147868119065]
[10,1.5723341292963222]
[11,3.6611912929498547]
[11,8.209173268952624]
[11,9.612463086562283]
[11,7.372874731905956]
[11,2.5716031133109607]
[11,3.2307799899512335]
[11,2.004499585323647]
[11,5.93285317540378]
[9,5.253274602777478]
[11,1.1877764013918113]
[10,2.0260866535965505]
[11,6.647537386075197]
[11,6.993088922295161]
[9,0.15440476525795166]
[10,7.959882594654665]
[11,3.0344885848306458]
[10,1.7928846718617941]
[10,6.38870926468726]
[11,4.216440793102834]
[9,7.914167656126125]
[10,7.180011377862128]
[10,5.45036192437502]
[10,7.957439385287454]
[10,1.3090173978756714]
[10,0.6896495612593712]
[11,6.149832817227042]
[12,3.043185179989465]
[10,9.394360934217103]
[10,6.956423593454925]
[10,0.41620049998086106]
[10,7.767283312968242]
[10,2.183958271500157]
[10,3.0553874328474873]
[10,6.4234823586893945]
[10,0.09801603830516425]
[10,3.17317362775285]
[10,6.819618927198281]
[10,8.611910510112725]
[11,7.520203229038856]
[10,6.018971832936755]
[10,2.4681549041799955]
[10,5.878623962723224]
[11,7.4437786260149625]
[10,6.984165433001632]
[10,3.9866917314755135]
[10,9.345770159349762]
[10,4.977271510944221]
[11,8.511809454317714]
[10,8.11060358384572]
[11,0.4767216483638048]
[10,5.10598689847723]
[10,4.00452364248693]
[11,4.61250254023287]
[11,7.092008167498129]
[10,9.997269196686315]
[10,6.45966902891119]
[11,1.19829827143356]
[10,2.264679083794785]
[10,9.104872710327488]
[12,9.766844710901132]
[10,7.31873113804448]
[10,0.5533710841204065]
[12,9.303667970712421]
[10,8.22356366791755]
[10,9.26245429420327]
[10,1.9920063642591512]
[10,8.111044244221715]
[10,7.414143386257601]
[11,5.137604409467993]
[11,1.560895562833644]
[10,7.044966296107855]
[12,8.955942946076547]
[9,9.867201659468998]
[10,3.249562135538606]
[11,3.1523036915199]
[10,4.442648227448867]
[10,0.1882280681499382]
[10,8.939951144677936]
[10,0.6155263623229623]
[10,1.3512549248631611]
[10,8.33334084605746]
[9,1.7847929636330662]
[11,8.68901032295074]
[10,8.668017602292114]
[9,8.649142826869841]
[11,5.169766567799499]
[10,9.700425422761986]
[10,5.847543374373716]
[10,5.645492064663651]
[9,0.6110799804624278]
[11,9.461557181011857]
[11,5.6535952405940915]
[12,8.377760299270564]
[10,3.7985577061228537]
[11,6.5052927369659646]
[11,6.788827676719881]
[11,7.70349598707873]
[10,8.815860195632585]
[11,7.0540005716467995]
[10,2.2066610179762125]
[11,7.410443059013252]
[10,2.5051293052338486]
[10,8.228497724971888]
[10,3.3892604907355772]
[10,8.168324630209963]
[10,4.134110128747688]
[10,6.398859149802492]
[12,3.348835257935856]
[9,5.219979825573002]
[11,7.441157616657616]
[10,7.431642439331152]
[11,7.7400586293403535]
[10,0.5860596494639769]
[12,5.009134156249173]
[10,0.36901178902644327]
[12,4.4525921005199205]
[12,9.06788893359984]
[10,5.653878494101581]
[10,1.6177705766330042]
[10,3.101318522463823]
[10,9.297229519361599]
[10,5.244918051827703]
[10,5.613050348889692]
[10,4.414495792996551]
[10,6.459840964165606]
[10,1.0081729924902905]
[10,2.9276179819531856]
[12,5.283061061099823]
[11,5.318914977380162]
[11,6.4887734178375815]
[11,8.818084967951837]
[11,2.319716796059612]
[10,6.630124391068568]
[10,4.816719189252618]
[10,4.2803761335063335]
[11,8.742028219108724]
[11,2.9757924667353652]
[12,0.16010580499603355]
[12,5.82997782636199]
[11,7.682531690208945]
[11,7.528625806121916]
[12,9.781969778645754]
[11,7.20129312268906]
[10,5.2718171699274485]
[10,4.188355606017162]
[11,7.000023568953351]
[11,5.354735036948071]
[11,1.8919265749243563]
[11,4.729417266367868]
[12,3.2281936511609644]
[11,8.799060336158384]
[12,6.915305866526779]
[11,1.6462272146098234]
[12,4.959925291286753]
[10,0.6083707292923157]
[10,0.5018561971263003]
[10,6.076853987082618]
[10,0.47647667807463767]
[10,1.8526276611155357]
[10,2.647600623759212]
[11,9.490680239907247]
[9,1.718993918922136]
[10,4.019366167826206]
[11,8.075748106236073]
[11,9.694241659964487]
[10,1.184420775447601]
[10,6.04636608024657]
[10,1.8199094108053915]
[9,3.189287064498547]
[11,6.583523562772109]
[10,5.448903377711803]
[10,6.48952069615018]
[10,8.121523720719114]
[12,6.846073598332478]
[10,9.880835545925565]
[10,2.63809926910223]
[10,7.197831902775443]
[10,1.3679347597305247]
[11,1.6387244439935555]
[10,3.5605267519928674]
[11,0.04141503876982311]
[12,9.19724070165175]
[10,1.952973434292118]
[9,4.521178794995732]
[13,7.265832388139028]
[9,4.287358096287413]
[12,5.742769561534386]
[12,2.9455503339337885]
[9,2.318762406802364]
[12,7.657370214522516]
[12,6.6342739320945725]
[12,1.988314833572511]
[11,3.2266876551665336]
[10,4.530152173320738]
[12,9.173427576684825]
[10,1.236547610264922]
[10,1.3901754798996135]
[10,9.166697070972024]
[11,3.4319694289274127]
[11,5.636840077292673]
[11,5.6144228958251645]
[11,0.39427171404662564]
[11,7.009147660613451]
[11,9.493407357938555]
[12,7.220431200275805]
[10,1.2810790052689391]
[10,4.676207227927116]
[10,6.075101853270015]
[10,9.175583155981176]
[10,6.934188310461778]
[9,0.7493952302671758]
[13,2.475223084640523]
[10,3.256621952972223]
[12,0.9749489508679132]
[11,7.751539414087805]
[10,5.779133203748053]
[12,1.2341455095599896]
[11,4.330103260940488]
[12,9.941207837533806]
[11,6.213253809402676]
[11,6.522241567900271]
[11,0.7273652190956925]
[11,7.609680251487347]
[11,1.4636122675362118]
[12,1.5658841267485912]
[11,3.1231084585735602]
[12,3.485895687930345]
[10,1.3733377582495532]
[12,1.5525524209732322]
[12,7.743814898046755]
[12,2.7048321288930666]
[10,2.5917026463688475]
[11,1.445557039242058]
[10,4.748418474745105]
[10,2.4470190804686975]
[10,3.1637908138133697]
[10,5.218293572768005]
[10,8.606559081149177]
[10,2.769599105879277]
[10,3.9465737330673245]
[12,4.555697453991858]
[12,2.065726243213384]
[12,9.788276340650587]
[12,9.922689273517163]
[10,2.914007073415683]
[10,1.5919072756612618]
[10,1.3790229013127941]
[10,3.1474582623561354]
[10,9.381327051522758]
[10,1.4932447974599117]
[10,0.8953306124134408]
[10,3.8956646035372167]
[10,2.191875340896916]
[10,9.247610229558811]
[11,0.10722260047857812]
[9,1.319516672600709]
[10,3.9567962577432803]
[10,9.739652564043993]
[10,6.672710435459781]
[10,4.274510438168058]
[10,7.8343725911704905]
[10,7.693784689028602]
[10,4.688321894495873]
[10,0.594162586006004]
[10,1.1816220407376044]
[10,5.7358974398226925]
[10,9.419869770343857]
[10,2.0835212927778857]
[10,4.603720538617395]
[10,9.968280492982935]
[10,9.596433040015146]
[11,1.1557329774406955]
[10,4.871654010125033]
[9,7.566500457815605]
[12,0.5584570174454284]
[10,9.345266971603621]
[10,5.800321647153572]
[10,5.260894288879769]
[11,3.2074645198974028]
[10,5.1737896388501925]
[10,0.5749271477042228]
[10,3.916413702681585]
[10,1.5393713750578941]
[10,6.690752396286046]
[11,4.126914616327662]
[10,1.4583252730426977]
[10,6.017492818636601]
[10,1.9788176470550622]
[10,3.0476783524735485]
[10,5.90017309249129]
[11,3.3633787142080696]
[10,7.799471648097292]
[10,1.718229922925938]
[10,3.4874125806052936]
[10,5.87896095697819]
[12,1.0157392443142599]
[9,9.091955890210734]
[12,4.092189790742326]
[12,3.5893665062141844]
[11,9.962333199381035]
[10,0.007472805933386173]
[11,6.982239845809617]
[10,3.701133635801268]
[11,4.071593900346098]
[11,9.86047958448794]
[11,9.750465665908216]
[10,9.056515149822017]
[11,9.904660716542885]
[11,0.43472178962667085]
[11,0.29289119791142015]
[11,5.848673106635889]
[11,9.866519488056246]
[11,2.814511215001332]
[12,9.381024332834249]
[10,2.175531036903313]
[10,1.6967665263196574]
[11,5.7042676901813945]
[10,1.0486014359197116]
[9,3.3660767923867874]
[11,1.871008142298245]
[11,8.392805676359584]
[10,0.17772911906823063]
[10,8.596638507539435]
[11,6.3549178568399185]
[10,4.9572122113535215]
[10,2.8906495416646205]
[10,5.651114752045032]
[10,2.7151150962645088]
[10,5.845858159261925]
[10,7.196931131676035]
[10,2.6408474799561366]
[11,6.0761789985262045]
[11,8.174622102279594]
[12,0.7910756698707089]
[11,0.7591388673271737]
[10,2.1089138967280174]
[11,7.876080196353095]
[12,8.73146789080507]
[11,4.448568112057418]
[10,3.7480890079950946]
[10,8.036370145462964]
[11,7.997639621412668]
[11,7.802431316675911]
[11,5.496941244847699]
[10,3.9711882857855207]
[11,3.0887241941561094]
[12,1.4889979951395738]
[11,8.856488314173356]
[10,7.803637239283665]
[11,5.778729573710464]
[11,6.6492426305696295]
[10,9.382842527201927]
[12,7.118559983628112]
[12,4.996196301224605]
[10,6.901029913893925]
[10,0.16540979708030035]
[11,0.4914030060671126]
[11,3.5144511671427425]
[11,4.7949995830381305]
[10,7.609668830234904]
[12,3.7390409769121202]
[9,4.908500764841177]
[10,5.043583675538084]
[10,6.7578188409524635]
[10,4.82418339412969]
[10,0.2591917704016944]
[10,2.859846599950766]
[11,4.205144812332858]
[10,4.569702550880795]
