[11,0.19224227757817847]
[10,3.1831407722037586]
[10,2.791175930224481]
[10,2.8021327485712932]
[10,7.886503679559622]
[10,8.451441926952903]
[10,0.7062030009461617]
[10,4.22746497421107]
[11,7.7162846719965605]
[10,4.612784235040365]
[10,1.748945262999948]
[10,3.6220825017193126]
[10,5.86188185225359]
[11,9.749284029190818]
[10,0.6735116183948731]
[10,0.11733045644398699]
[11,6.340043174333325]
[11,1.327690485404902]
[10,0.8342594974984219]
[10,9.405280073991374]
[10,5.758675890709435]
[10,9.72605419968926]
[10,8.960419366841364]
[10,5.7811016513849545]
[10,6.982224900903651]
[10,9.830299443101158]
[11,7.908841983556522]
[12,1.1251475527642318]
[10,6.064906483374315]
[10,8.652569474907462]
[10,3.0957736617920006]
[11,0.02119134252057453]
[10,8.205580254337379]
[10,1.5701842059346371]
[10,5.576389380209806]
[11,2.8965770305584893]
[10,1.0953162280984596]
[10,3.3835732969600563]
[10,4.898821376193219]
[10,9.152137943257943]
[10,2.162884029048584]
[10,2.419711206537265]
[10,5.2045316229318495]
[10,8.048323945924412]
[10,6.547281652045989]
[10,7.0226476822169825]
[10,7.039963753828513]
[10,2.610315406572117]
[10,4.600161924755188]
[10,9.426917760962223]
[11,7.002505323989436]
[10,7.632820016914632]
[10,6.355099466546996]
[10,2.3117665712357516]
[10,0.4398567362712624]
[11,2.3603141866686683]
[10,5.900815278903755]
[10,1.9187910598284907]
[10,8.114156022963188]
[10,5.773233684833084]
[10,3.155909835934667]
[11,5.39195809995773]
[10,0.45665480871267095]
[10,8.602205950577208]
[10,1.8852578465250591]
[11,7.212293543095278]
[11,6.690384315572507]
[10,6.503431450556459]
[10,4.581043089213878]
[10,0.8541044914396112]
[10,3.9386677942709425]
[10,9.659766583991289]
[10,3.349779575930787]
[11,2.306898355110354]
[10,2.5727059649065276]
[10,5.321323810711642]
[10,1.163472925202651]
