[10,9.242099035649236]
[11,8.205379784884867]
[10,7.245858348499732]
[10,8.176048669229987]
[10,2.436052963242259]
[11,3.3420893299017362]
[10,3.15146831561139]
[12,8.625825466332785]
[10,7.175421993303937]
[10,0.9377663740342768]
[10,6.095761301623892]
[10,8.898567444438498]
[10,0.10356246213657494]
[11,0.8900284377797196]
[10,1.6069856160509732]
[10,9.451377159566473]
[10,7.562404988850027]
[10,3.888467940980649]
[11,7.793900247593745]
[11,4.617340351561408]
[12,4.834761370282637]
[10,1.2566175211847885]
[12,9.49681837548705]
[9,3.86052095275103]
[12,6.252703898861018]
[9,5.27587207868029]
[11,1.3956761576431576]
[12,3.6112177035723736]
[11,6.486129582691385]
[10,0.020394301916200064]
[11,9.663113737163203]
