[12,9.490879017116756]
[11,9.0928821675388]
[11,6.0021978784149805]
[10,1.0890226557627303]
[12,3.436053794571403]
[10,7.953843509492941]
[12,9.956787091437631]
[11,2.765075507116681]
[10,7.632283546541658]
[11,2.01070393819063]
[11,3.084340984610696]
[10,5.063810330734755]
[12,6.091080106439337]
[11,2.729934899512394]
[11,7.33517694192143]
[10,8.400914860930378]
[10,3.457832580072211]
[11,4.318164443225081]
[10,7.427696623653448]
[10,3.3214777971882103]
[10,7.514983617070625]
[10,5.60298931803316]
[10,2.9024148231941482]
[10,4.008166360309671]
[10,9.90674473946332]
[10,8.48939807306009]
[11,3.430331289307529]
[10,7.661972393413921]
[11,3.603907598705698]
[13,0.2834351321297435]
[10,6.805690476812513]
[11,7.983565801278909]
[10,2.073240686656601]
[11,5.567335448945572]
[10,3.5340963393621228]
[12,1.3605820674960012]
[9,2.535360121586905]
[11,0.9113066895121213]
[11,4.088371093863346]
[12,6.548754984252039]
[11,5.836929503728272]
[12,7.727576452787563]
[11,8.775615320053042]
[10,6.437416680728136]
[10,2.021250090725357]
[10,2.3419304775313066]
[10,5.869084142427754]
[10,5.599302214622162]
[10,4.132271337466237]
[10,7.9903366140909515]
[10,9.113451596522333]
[10,8.091682097386137]
[10,6.4913743747004045]
[11,9.862488012049887]
[10,7.742601169208427]
[11,0.3077414524143385]
[10,7.166456536566503]
[10,6.640972022812033]
[10,5.088016536111399]
[10,0.8365705476908714]
[10,5.4926011465083135]
[10,2.1530381926644893]
[10,3.161448144472354]
[10,2.475792582000773]
[10,9.310385593402916]
[10,5.932162138137585]
[10,7.145967257283483]
[10,2.716032735571716]
[11,7.118237341390488]
[10,9.779348419476124]
[11,1.5900652336020715]
[10,2.889624364112149]
[10,8.18297468224203]
[11,6.776792062422478]
[10,6.009570238529484]
[10,0.8629633612086396]
[10,8.268647624117506]
[10,4.038878245623843]
[10,7.126770032228045]
[10,5.915391773310532]
[10,8.300038526761979]
[10,2.722038061969756]
[10,4.358327380740894]
[12,4.331233822097465]
[12,5.162252808600048]
[11,5.3678040377506875]
[11,9.339830737237842]
[11,1.4752081208311907]
[11,8.886442378356666]
[11,1.5117667618003194]
[10,7.760958687357052]
[10,1.6579673179589638]
[10,0.4333339993908836]
[10,4.631607942135805]
